100
27 33
14 24 26
7 23 7
1 13 16
22 8 17
21 17 26
10 5 26
25 5 26
20 25 26
25 19 26
21 11 7
27 12 26
9 4 26
20 13 26
16 11 26
9 5 26
27 16 26
4 25 26
21 14 26
17 20 26
20 6 7
13 24 26
2 4 26
14 3 26
11 3 26
10 24 26
26 6 26
7 3 26
6 3 26
22 9 16
18 20 26
23 14 26
23 14 26
17 5 26
7 17
7 1 3
7 5 3
7 5 3
6 1 4
7 2 3
6 7 6
7 1 4
5 7 3
3 7 3
2 5 5
5 1 3
2 6 6
1 2 3
6 2 6
5 6 6
7 2 3
6 5 6
41 74
8 32 41
38 13 41
35 27 13
8 17 13
28 7 41
3 16 41
4 3 41
35 30 30
27 12 41
10 14 40
37 10 41
25 28 41
35 24 41
7 8 13
23 25 13
8 21 13
4 22 41
18 24 41
36 8 41
11 32 41
10 11 41
35 18 41
30 16 13
22 39 41
13 23 13
11 36 41
12 34 41
1 33 39
18 1 40
16 27 13
11 27 41
13 33 41
26 36 41
11 37 34
26 25 41
18 26 40
15 9 41
21 26 41
5 2 39
10 18 40
35 8 13
29 2 29
39 33 39
18 19 41
40 2 40
39 21 41
8 20 41
33 21 41
37 12 41
9 4 9
1 29 39
4 26 40
15 23 41
39 28 39
36 39 41
13 17 13
19 15 41
15 32 41
9 5 9
21 41 41
26 1 40
29 26 40
17 1 41
7 32 41
37 7 41
37 41 41
16 21 13
34 12 41
29 24 41
9 23 41
23 37 41
12 27 41
19 26 41
7 2 41
60 120
6 41 55
57 12 11
33 17 32
49 35 32
31 59 32
12 19 32
21 30 32
6 24 32
16 46 48
3 16 32
60 43 32
58 2 32
4 56 11
20 9 9
24 27 48
33 47 32
37 21 48
18 45 32
1 12 32
17 11 32
55 50 32
43 38 32
59 5 32
60 31 32
39 19 32
9 31 32
46 21 48
41 14 32
33 57 9
37 30 32
16 45 53
39 55 11
57 20 11
38 43 32
56 39 11
58 60 32
20 23 32
7 32 32
11 53 32
50 60 32
27 4 32
47 25 32
46 14 48
36 20 32
6 38 55
11 8 9
43 57 32
51 17 32
44 3 9
43 60 32
34 53 53
33 31 32
19 18 32
39 23 32
12 35 11
25 14 32
39 13 11
5 32 32
29 40 40
60 32 32
21 47 53
19 18 32
58 20 32
27 12 32
60 38 9
36 19 48
19 46 48
15 36 48
41 16 32
47 40 53
12 18 11
47 46 48
26 25 32
30 26 32
35 5 32
17 38 32
57 35 35
8 50 32
55 58 32
28 33 32
41 16 32
53 27 48
33 39 9
25 2 9
25 11 9
4 31 32
34 52 48
22 60 9
58 5 32
27 9 32
46 54 32
9 57 9
40 51 48
24 8 32
2 19 32
41 11 11
40 54 32
43 1 53
45 44 32
48 50 48
7 48 32
20 35 11
38 13 55
20 7 11
20 13 11
9 50 32
19 34 48
58 46 32
29 47 53
44 59 9
51 25 32
45 56 32
38 39 11
24 32 32
44 28 32
51 60 32
15 30 32
57 13 55
44 26 32
47 4 32
51 92
51 7 42
32 19 42
47 27 27
32 30 32
51 32 42
28 24 49
23 34 42
50 41 5
44 27 27
43 34 42
5 46 35
9 2 42
27 44 27
50 37 42
37 6 42
8 32 48
46 14 42
20 45 42
8 4 42
49 41 42
5 32 42
17 22 42
32 37 42
1 25 42
17 45 42
33 26 32
28 23 42
21 10 42
13 39 39
49 1 42
27 50 27
40 11 42
20 24 42
45 5 42
40 30 42
5 51 42
11 45 42
5 24 42
44 4 42
15 30 42
10 3 3
51 25 42
51 7 42
11 42 42
39 27 27
8 40 42
32 13 39
9 47 42
43 37 42
17 6 42
33 21 42
12 13 42
31 35 42
33 1 42
12 28 42
39 44 42
1 9 36
39 7 35
23 26 42
41 15 42
46 27 27
17 16 42
9 14 9
27 11 27
1 9 42
4 37 40
12 20 42
24 40 42
41 50 5
3 17 3
23 11 42
29 17 42
26 8 42
1 6 42
20 15 15
36 9 42
10 50 42
31 33 42
19 23 42
50 38 42
31 37 42
4 47 42
19 10 42
15 20 15
44 6 42
46 33 42
21 36 42
38 48 42
44 4 48
18 11 42
24 4 42
36 9 29
16 110
5 14 6
11 10 12
4 9 9
2 5 12
14 12 6
6 16 6
4 3 12
2 1 12
14 3 6
16 5 12
7 1 9
1 5 4
15 1 4
11 4 12
2 8 6
5 7 9
10 12 12
7 2 9
15 3 12
15 13 12
3 11 3
13 10 12
1 9 9
3 5 12
6 13 6
12 2 12
9 5 9
2 5 12
14 12 6
16 15 12
8 11 6
6 5 6
5 9 9
6 1 6
14 3 6
5 14 6
10 8 6
15 16 12
13 7 9
11 4 12
1 13 12
5 2 12
6 8 6
7 16 9
11 12 12
5 15 5
8 11 6
1 12 12
6 7 6
10 13 12
6 13 6
8 4 6
6 15 6
14 11 6
13 9 9
1 15 4
8 5 6
6 9 6
8 9 6
4 7 9
13 14 6
16 10 12
2 11 2
13 14 6
9 11 9
15 12 12
10 2 12
9 13 9
2 12 12
11 5 12
16 7 9
4 12 12
2 4 12
14 4 6
5 2 12
10 16 12
12 4 12
13 7 9
9 14 6
11 16 13
4 8 6
6 11 6
10 2 12
7 9 9
11 12 12
7 10 9
14 13 6
13 5 12
4 6 6
2 7 9
10 11 12
15 12 12
9 14 6
1 10 4
8 2 6
5 1 4
4 10 4
11 6 6
4 11 12
1 15 4
6 16 6
16 11 13
3 11 3
9 2 9
12 6 6
10 14 6
15 6 6
9 7 9
5 11 12
16 9 9
9 29
8 1 4
4 8 4
6 8 4
6 3 7
5 7 4
1 2 4
1 2 4
4 5 4
7 6 7
2 3 4
1 4 4
4 7 4
7 8 4
8 3 4
8 3 4
1 8 4
9 2 4
4 9 4
8 5 4
4 3 4
7 3 7
8 3 4
8 2 4
2 4 4
1 4 4
5 6 4
3 5 4
6 5 4
6 8 4
13 84
10 5 7
1 7 7
12 1 10
1 10 6
7 4 7
6 2 7
8 1 8
6 12 10
9 12 10
6 7 7
6 3 3
8 13 7
2 13 7
6 9 3
12 9 10
2 7 7
13 5 7
4 7 7
8 9 11
13 12 7
11 9 9
6 13 7
13 12 7
4 5 7
4 1 11
8 9 11
4 12 10
12 1 10
7 2 7
2 7 7
5 7 7
7 5 7
5 2 7
10 1 10
2 1 7
7 5 7
8 7 7
7 12 7
4 10 10
9 2 7
12 6 10
11 4 11
13 12 7
6 12 10
2 3 7
9 7 7
7 8 7
4 3 3
5 9 7
3 13 7
11 2 7
8 7 7
10 4 10
5 9 7
13 2 7
7 8 7
9 10 3
13 9 7
3 7 7
2 3 7
7 9 7
7 11 7
3 6 3
5 13 7
8 5 9
11 4 11
2 12 7
2 1 7
6 12 10
5 6 7
9 7 7
4 2 7
4 6 3
2 6 7
10 13 7
11 6 11
9 10 8
5 8 7
9 1 11
3 6 3
12 7 7
8 9 11
2 3 7
4 8 11
17 21
15 1 9
16 12 9
3 10 3
10 8 9
15 11 9
10 3 3
8 9 9
14 1 3
13 1 9
1 14 3
11 5 5
5 13 9
12 6 5
17 6 9
13 1 9
3 7 9
12 5 5
7 5 9
2 8 9
2 13 9
3 14 3
7 4
7 3 5
4 1 2
6 3 6
6 4 5
45 93
6 8 36
16 31 17
7 36 36
45 10 17
42 43 36
35 40 36
27 39 17
27 39 17
9 29 17
45 36 36
45 30 36
4 20 36
11 9 17
32 39 17
9 32 17
25 45 17
2 38 17
40 39 36
20 16 17
6 28 36
22 10 17
12 30 36
41 18 17
38 41 17
6 10 2
1 18 17
23 11 17
29 2 17
35 41 17
20 6 17
31 10 17
32 19 17
21 35 21
28 10 36
19 23 23
37 12 36
36 31 36
5 18 17
38 19 38
30 40 36
1 10 17
30 42 36
38 31 17
10 11 17
45 17 17
12 11 17
26 33 36
32 11 32
45 26 31
7 38 17
43 44 36
38 29 17
24 18 36
12 33 36
31 24 36
8 14 36
28 26 36
2 1 17
10 4 36
2 35 17
3 27 3
13 35 36
36 37 36
22 36 36
31 21 21
5 28 36
25 11 17
12 19 17
42 6 36
9 11 17
42 45 36
33 6 36
26 10 17
39 20 17
35 11 32
27 41 17
8 35 36
29 12 17
10 18 17
24 4 36
24 4 36
39 2 17
8 21 36
19 21 17
1 31 17
34 8 36
23 2 17
6 35 17
41 37 36
12 27 43
28 45 36
3 4 36
42 37 36
59 51
58 37 58
40 45 36
35 13 29
30 44 24
40 53 51
27 43 36
27 26 36
10 11 1
35 13 29
48 10 36
26 47 24
31 57 24
14 45 29
21 46 36
55 11 36
23 53 24
10 51 36
40 48 2
52 22 24
8 11 36
36 26 36
50 40 36
36 7 36
50 28 1
5 12 24
3 26 24
26 32 24
19 55 24
26 3 24
46 34 36
31 12 10
44 34 8
23 50 36
40 50 36
26 2 26
51 34 51
36 45 48
9 53 8
20 15 24
25 48 24
15 24 24
34 49 24
58 48 58
34 56 8
10 53 36
44 11 36
42 16 36
32 23 24
19 42 36
42 46 29
25 37 24
60 120
19 48 32
46 37 46
17 29 38
5 54 38
50 54 38
6 21 56
57 31 46
17 50 38
15 31 32
12 50 56
19 59 38
19 23 46
9 20 49
17 54 38
14 16 56
53 35 26
33 44 38
21 60 56
50 58 38
19 9 32
3 5 46
31 3 32
58 10 46
36 6 56
38 57 38
5 12 38
29 40 56
2 58 46
48 42 60
59 8 36
15 4 38
16 28 38
30 3 38
59 43 38
32 11 38
37 14 38
29 31 38
33 26 26
43 1 46
40 27 56
46 53 38
51 7 38
16 52 38
42 34 46
58 49 15
45 44 44
39 11 56
42 15 32
47 55 38
56 47 56
41 44 38
21 4 38
33 16 56
4 39 38
59 33 56
39 59 56
25 38 38
58 16 38
32 54 38
54 10 38
7 6 56
6 58 38
2 49 46
25 10 46
56 36 56
13 48 38
28 52 45
6 3 18
44 10 46
48 45 15
38 48 38
31 40 38
58 14 38
2 36 38
18 24 32
18 58 15
24 5 46
22 46 38
44 10 46
39 58 31
48 35 38
15 6 38
59 51 38
60 24 38
35 5 38
52 16 38
31 57 46
5 47 38
50 36 14
41 29 38
39 43 38
54 15 38
47 56 56
48 22 38
59 43 38
6 50 56
44 9 44
46 16 38
13 57 38
12 51 38
57 41 38
3 15 15
43 29 18
9 1 15
19 4 44
30 34 38
19 27 48
11 10 38
22 36 14
58 43 46
6 55 38
26 43 38
18 45 15
46 37 46
47 20 38
22 5 38
6 34 52
38 21 38
22 42 38
42 40 38
20 77
7 16 16
15 5 12
7 5 12
18 6 12
12 3 12
18 10 12
10 7 13
5 18 12
9 4 4
4 15 4
19 5 12
8 6 2
1 14 12
10 20 11
15 16 18
12 19 12
14 3 12
15 10 12
13 12 12
19 1 12
9 13 2
11 18 12
19 12 12
4 17 4
14 8 12
15 4 4
7 5 12
1 11 2
19 8 12
1 17 2
13 1 2
14 8 12
18 10 12
14 8 12
11 18 12
19 8 12
11 15 12
15 3 12
6 18 12
5 4 4
15 7 18
16 14 16
11 13 11
17 13 11
12 14 12
1 6 2
7 12 12
9 10 2
11 9 2
16 15 18
15 14 18
12 7 13
11 16 12
9 6 2
7 15 18
9 3 9
5 2 2
3 6 2
17 5 2
6 5 2
15 11 12
20 12 12
17 6 6
20 19 12
14 3 12
14 13 12
15 17 12
11 13 11
1 18 12
4 1 1
3 10 2
6 18 12
6 3 2
9 7 12
20 3 2
10 18 12
2 9 2
42 68
5 42 35
21 31 35
23 25 35
28 21 15
32 26 15
37 14 35
38 7 7
3 15 7
20 21 15
21 24 35
39 10 19
21 23 33
2 32 33
1 15 15
33 34 35
23 36 35
5 38 15
20 33 15
10 1 35
13 2 35
14 9 35
38 17 35
9 30 35
18 12 35
35 37 35
42 32 35
13 18 35
29 13 37
17 16 35
2 26 15
32 37 35
11 39 35
32 14 35
13 27 19
37 22 19
9 6 15
10 18 35
2 9 15
6 3 35
4 2 2
23 42 35
28 19 35
9 38 15
2 28 15
33 31 35
16 3 16
28 10 35
14 13 35
6 18 15
39 32 35
28 8 15
12 9 22
1 14 35
38 4 15
32 24 35
30 41 19
1 33 15
22 12 35
29 22 19
27 41 18
33 8 15
12 9 35
29 8 35
23 33 33
17 18 35
22 33 35
31 28 35
5 35 35
9 83
8 3 2
6 2 2
2 7 2
7 2 2
4 2 2
5 2 5
5 3 7
2 7 2
8 5 5
7 2 2
6 7 2
4 3 2
1 6 3
9 6 2
8 3 2
9 6 2
7 8 2
9 7 3
7 2 2
7 3 2
8 2 2
1 8 2
8 2 2
6 5 5
6 2 2
2 9 2
7 3 2
1 9 2
1 7 2
9 7 5
6 9 2
5 9 5
9 8 4
3 6 3
1 4 2
2 5 5
1 9 2
7 4 2
3 5 5
3 4 2
2 8 6
6 1 3
7 5 5
1 8 2
6 8 2
5 3 5
8 2 2
3 5 5
7 3 2
4 2 2
7 3 2
8 4 4
7 6 2
8 4 4
8 6 2
7 9 2
9 8 4
4 2 2
9 5 5
4 2 2
2 6 2
4 2 2
3 8 2
2 5 5
4 1 2
6 1 4
1 8 2
3 7 2
6 7 8
4 7 2
8 7 2
9 8 4
1 2 2
3 7 2
2 1 2
8 3 2
4 3 2
9 8 4
3 9 2
9 8 4
8 3 2
9 4 4
9 4 4
47 27
10 47 3
30 43 3
25 31 3
25 20 3
3 26 3
16 41 35
24 35 35
2 23 35
45 6 3
43 7 35
4 29 9
12 18 3
13 44 3
39 47 39
44 28 3
27 17 3
34 30 34
39 17 3
30 16 3
5 7 3
9 1 35
46 38 3
40 39 3
40 45 41
27 24 36
8 3 23
6 5 3
60 120
58 19 43
1 31 43
11 23 30
23 25 30
13 30 30
22 50 43
26 56 43
15 51 30
22 47 43
57 55 30
60 15 43
1 21 43
22 4 43
60 41 43
27 8 43
1 31 43
45 50 30
26 25 20
45 19 35
11 37 30
51 12 20
45 57 30
20 53 43
14 25 30
26 36 30
31 24 43
48 11 30
60 22 43
33 25 43
60 54 43
3 1 43
23 21 30
53 21 43
9 17 43
55 7 43
54 43 43
38 43 43
6 29 30
39 35 30
40 32 35
2 9 43
4 23 30
49 60 43
34 37 30
48 42 34
42 14 34
20 39 30
8 34 34
2 28 43
43 48 43
2 44 43
4 35 30
18 2 43
37 60 43
38 45 30
44 50 30
3 2 43
43 28 43
14 9 43
39 38 34
16 11 30
27 44 43
9 40 43
44 45 30
47 15 30
56 16 43
49 37 30
4 50 30
46 29 43
55 1 43
37 22 43
23 26 30
53 47 43
57 39 34
36 17 43
54 18 30
25 16 30
42 48 34
11 38 30
10 54 43
17 54 43
19 42 30
53 30 43
3 46 3
28 5 43
52 51 30
56 14 43
8 28 43
40 55 30
17 34 43
38 43 43
47 20 20
13 28 43
18 1 43
32 8 30
53 17 43
13 24 43
27 57 43
55 21 30
29 21 34
40 60 43
45 5 30
58 27 27
32 38 30
33 32 43
37 16 30
39 14 34
3 16 30
23 21 30
50 16 30
3 48 30
22 19 43
52 34 30
2 4 43
24 35 43
38 52 30
31 53 43
24 14 43
29 2 43
58 8 43
38 43
22 33 20
2 8 12
22 17 5
6 27 30
28 13 37
15 19 5
25 14 12
28 21 28
4 28 20
15 34 5
8 9 32
4 21 20
3 34 37
6 26 5
11 26 5
10 14 12
17 32 5
37 31 37
38 33 37
31 30 5
38 36 37
14 11 37
34 11 4
14 7 37
36 2 37
34 3 37
11 33 20
1 38 12
25 15 5
24 25 5
16 6 24
25 4 24
26 29 5
13 31 12
17 9 5
23 24 5
28 33 20
6 8 32
34 14 37
23 9 23
5 16 5
32 22 37
27 16 12
27 98
8 2 20
13 3 3
27 1 6
27 11 11
13 5 18
17 15 20
17 3 20
1 20 20
6 17 20
23 15 20
6 5 6
5 9 20
24 7 19
8 15 19
8 22 22
14 11 20
17 23 14
4 14 20
4 16 18
3 24 19
26 27 20
22 17 20
27 6 6
7 14 20
10 15 19
17 18 20
4 3 18
23 18 20
15 18 19
26 25 20
12 15 20
6 16 6
17 10 20
2 3 20
12 17 14
10 2 20
9 17 14
14 22 20
8 10 6
27 20 20
17 7 20
21 1 19
23 16 20
11 22 11
3 20 20
20 3 20
2 22 20
11 20 20
7 26 20
7 27 6
10 26 20
21 12 20
21 9 20
4 20 20
1 11 11
10 24 19
11 10 11
17 11 20
20 11 20
6 3 6
15 24 15
3 10 18
2 4 20
24 17 20
11 10 11
10 6 6
14 20 20
17 23 14
22 8 22
17 9 14
25 15 19
19 13 19
9 10 20
15 4 19
11 7 11
3 8 6
21 9 20
26 16 20
23 24 20
19 10 19
22 13 6
20 26 20
7 14 20
27 25 6
12 27 20
6 13 6
19 27 19
15 4 19
27 15 19
16 20 20
3 8 6
2 22 20
2 11 20
4 5 18
4 26 20
5 17 20
10 24 19
7 5 1
43 13
43 8 25
40 24 25
30 33 25
24 28 27
17 38 25
27 13 25
6 38 25
28 35 27
8 18 25
34 15 25
3 14 25
36 20 25
12 26 9
40 75
5 39 18
33 2 18
1 4 10
35 19 18
40 23 18
1 8 29
37 1 10
8 24 10
8 22 27
25 1 10
40 11 10
29 7 29
1 32 10
23 6 19
15 30 10
29 12 10
33 24 18
31 18 18
22 19 18
22 18 18
10 23 18
22 15 10
2 21 10
11 2 16
35 40 27
23 16 18
7 14 27
2 38 2
23 22 18
17 18 18
7 3 3
4 17 4
32 23 18
34 31 18
26 10 19
29 35 27
20 8 29
27 15 10
28 37 10
18 31 18
4 39 4
29 31 27
40 17 10
8 24 10
38 7 10
28 27 27
3 27 18
27 20 27
31 8 27
1 3 18
26 9 23
34 4 18
4 18 18
28 15 31
36 35 27
22 25 10
23 25 18
3 4 18
40 26 18
26 18 18
19 37 18
12 25 2
27 10 10
25 2 2
29 40 27
10 15 10
19 21 18
15 4 4
20 38 28
9 21 18
26 32 18
37 29 10
19 14 4
31 25 10
23 4 18
20 58
6 3 6
3 4 3
9 1 6
7 2 6
4 17 6
12 8 6
9 11 11
11 15 6
4 18 6
17 9 6
10 2 6
5 8 5
17 14 1
17 8 6
15 7 14
14 12 6
3 8 6
20 4 6
10 4 3
17 3 6
2 12 19
18 1 18
5 6 6
6 14 3
11 18 6
20 17 6
20 15 5
9 5 6
3 13 3
20 6 6
17 12 6
6 19 6
7 13 7
6 9 6
4 16 6
13 20 6
20 18 20
2 15 6
13 4 3
6 16 6
5 15 5
9 2 6
12 10 6
4 17 6
7 12 5
6 19 6
18 11 6
18 13 6
20 19 6
5 14 5
4 8 6
17 14 6
12 17 6
6 13 3
18 5 5
1 8 8
19 13 6
16 2 6
41 37
36 14 11
12 6 11
29 1 13
23 16 13
41 20 13
36 3 11
16 20 13
20 29 13
33 19 11
16 7 34
3 16 34
9 11 11
36 27 36
17 24 11
17 39 11
35 2 28
18 31 34
17 19 11
39 20 13
40 1 13
30 5 11
12 4 12
24 32 34
33 14 34
33 1 13
3 6 11
41 8 11
14 35 28
31 13 13
26 3 11
5 41 34
41 24 12
14 30 11
29 6 11
4 20 13
9 1 13
22 30 11
47 20
25 12 12
41 45 2
17 2 2
24 23 2
34 40 44
29 32 47
35 45 2
22 23 2
10 32 2
29 27 2
43 46 2
36 43 2
15 10 2
34 15 47
19 15 2
26 13 2
5 46 2
4 19 2
11 47 2
1 5 2
9 64
9 5 5
7 9 6
2 9 5
4 6 4
3 8 5
6 2 5
7 1 5
9 6 6
8 5 5
1 2 1
2 5 4
2 1 1
9 4 4
9 4 4
3 5 5
1 3 5
9 6 7
1 5 5
5 3 5
1 2 1
3 2 5
5 1 5
1 7 5
5 9 8
9 3 6
5 9 5
1 8 5
5 6 4
3 7 3
9 3 6
7 4 4
7 8 5
8 4 5
3 4 2
8 1 2
6 9 6
5 2 5
6 8 5
2 6 5
3 7 3
5 4 5
9 7 6
3 1 5
5 9 5
6 2 5
6 5 5
3 7 3
5 4 5
1 5 5
2 4 5
2 9 5
7 3 3
3 6 6
7 1 5
9 8 5
4 9 9
5 8 5
1 4 5
3 6 6
9 7 6
9 8 5
9 3 6
4 3 4
3 1 5
47 39
35 14 20
8 1 20
10 42 20
12 42 20
43 31 20
17 36 20
7 37 46
9 41 46
7 21 46
13 30 46
40 24 20
47 35 20
30 8 20
4 8 20
20 15 20
47 44 20
28 46 20
45 14 20
40 46 46
7 10 20
34 4 20
16 10 16
40 16 20
1 6 20
16 26 20
40 46 46
25 41 20
23 14 20
11 32 46
12 20 20
12 9 20
25 11 20
24 14 20
3 17 20
12 32 20
7 33 20
47 22 20
29 39 46
1 6 20
47 72
32 16 2
28 39 2
2 45 2
42 5 26
13 42 26
6 31 26
11 42 26
8 3 17
47 20 26
16 11 26
15 39 8
41 23 26
25 32 26
12 20 34
3 23 26
17 2 26
47 10 26
4 22 26
18 35 26
34 16 2
7 25 26
45 43 2
47 25 42
1 21 26
13 27 13
36 19 6
29 31 26
32 11 26
23 12 26
29 41 2
6 30 40
39 29 8
15 5 26
28 32 2
26 43 26
37 11 26
25 12 26
16 1 35
38 9 43
38 40 2
36 22 2
38 35 26
24 37 26
7 17 15
25 23 33
16 25 28
29 3 2
32 21 26
16 45 2
2 37 2
31 3 11
3 6 2
45 13 26
33 15 34
34 35 26
16 47 26
4 28 26
44 41 2
26 14 26
35 41 26
6 28 2
35 28 26
14 39 2
44 21 21
9 15 34
44 12 26
19 46 2
43 11 26
3 21 45
38 42 34
16 45 2
2 26 26
6 31
1 2 5
4 5 5
3 4 5
2 6 5
5 1 5
4 3 1
2 6 5
6 1 5
6 2 5
1 6 5
6 2 5
2 5 5
2 5 6
4 1 4
4 5 5
4 2 5
3 2 5
4 2 5
4 2 5
2 4 5
1 6 5
3 5 2
6 4 1
3 4 4
1 5 5
5 2 5
4 1 4
4 1 4
2 5 5
3 5 5
3 4 5
27 57
13 8 7
16 2 20
1 15 7
4 10 7
5 7 7
23 27 20
16 10 7
1 3 7
3 24 7
11 16 20
9 22 15
21 15 24
11 23 2
19 5 20
25 11 7
4 1 7
10 22 7
9 8 7
12 24 7
16 4 7
24 20 7
1 3 7
3 23 7
14 13 7
6 20 20
21 16 7
17 6 7
4 1 7
1 8 7
23 24 7
2 4 7
23 10 7
15 21 7
21 18 7
4 15 7
11 5 2
25 4 7
9 2 8
12 6 15
4 10 7
20 26 20
17 1 7
27 12 15
10 24 7
13 2 7
8 7 7
2 26 20
25 1 7
3 5 7
19 17 10
3 10 7
12 10 7
20 15 15
13 9 7
1 13 10
24 1 7
14 13 7
53 90
13 2 19
10 43 19
40 33 40
33 49 38
35 30 19
23 44 42
34 16 19
47 31 38
48 42 48
52 27 49
45 30 19
40 52 38
31 51 38
18 8 48
23 24 48
46 52 19
51 37 19
20 32 19
12 14 19
40 45 48
6 20 19
7 52 38
40 18 48
49 36 38
20 23 19
9 17 19
24 29 48
3 2 7
43 12 19
9 33 42
19 30 19
14 11 19
11 45 48
3 36 38
32 25 48
8 38 38
12 28 48
42 41 19
22 33 38
36 52 38
2 11 7
3 42 42
14 28 19
51 5 48
36 6 38
14 32 19
38 35 42
15 45 48
30 35 19
12 3 48
20 52 19
44 20 19
36 47 36
37 23 19
40 53 19
14 27 19
44 19 19
4 51 38
9 37 19
13 30 19
12 23 48
28 45 48
5 12 5
49 27 49
53 6 19
22 44 38
18 19 19
45 3 48
1 32 48
47 31 38
47 5 48
9 51 42
16 41 19
51 46 19
21 51 48
40 9 42
34 28 26
41 5 19
2 7 7
33 50 38
47 42 42
25 45 48
12 15 48
6 39 42
21 28 48
34 37 19
8 39 42
45 49 48
25 9 42
49 37 19
60 116
1 3 1
1 4 1
2 3 2
2 4 2
3 5 3
3 6 3
4 5 4
4 6 4
5 7 5
5 8 5
6 7 6
6 8 6
7 9 7
7 10 7
8 9 8
8 10 8
9 11 9
9 12 9
10 11 10
10 12 10
11 13 11
11 14 11
12 13 12
12 14 12
13 15 13
13 16 13
14 15 14
14 16 14
15 17 15
15 18 15
16 17 16
16 18 16
17 19 17
17 20 17
18 19 18
18 20 18
19 21 19
19 22 19
20 21 20
20 22 20
21 23 21
21 24 21
22 23 22
22 24 22
23 25 23
23 26 23
24 25 24
24 26 24
25 27 25
25 28 25
26 27 26
26 28 26
27 29 27
27 30 27
28 29 28
28 30 28
29 31 29
29 32 29
30 31 30
30 32 30
31 33 31
31 34 31
32 33 32
32 34 32
33 35 33
33 36 33
34 35 34
34 36 34
35 37 35
35 38 35
36 37 36
36 38 36
37 39 37
37 40 37
38 39 38
38 40 38
39 41 39
39 42 39
40 41 40
40 42 40
41 43 41
41 44 41
42 43 42
42 44 42
43 45 43
43 46 43
44 45 44
44 46 44
45 47 45
45 48 45
46 47 46
46 48 46
47 49 47
47 50 47
48 49 48
48 50 48
49 51 49
49 52 49
50 51 50
50 52 50
51 53 51
51 54 51
52 53 52
52 54 52
53 55 53
53 56 53
54 55 54
54 56 54
55 57 55
55 58 55
56 57 56
56 58 56
57 58 57
58 59 58
59 60 59
60 57 60
32 62
6 1 13
28 1 1
20 19 4
18 7 4
17 19 13
18 24 4
11 3 4
19 4 4
18 8 4
7 27 4
15 2 11
7 30 13
28 13 13
6 23 13
14 10 13
20 7 4
18 15 4
18 3 9
7 3 4
3 4 4
14 18 13
2 29 4
25 23 13
21 2 21
21 3 4
16 14 13
18 12 9
18 32 9
23 22 4
20 11 4
8 19 8
26 28 4
17 3 13
21 9 4
29 7 4
5 2 13
7 26 11
16 10 4
25 2 13
27 30 13
14 23 13
21 32 4
31 4 4
14 30 13
10 14 13
22 29 10
30 10 13
13 12 13
32 24 4
14 31 13
8 2 4
29 26 4
27 16 13
26 6 13
9 28 4
22 29 10
17 15 13
11 26 11
1 20 4
26 25 13
16 1 4
18 26 4
9 23
9 4 4
9 4 4
7 8 7
2 3 7
5 6 7
9 6 7
6 2 2
1 7 7
1 9 4
1 5 7
7 6 7
1 2 7
3 8 7
8 2 8
7 4 7
4 1 4
9 1 4
6 9 7
2 8 8
2 6 2
3 5 7
3 9 4
4 7 7
17 10
16 6 8
10 17 9
8 5 9
14 2 8
10 12 9
12 11 9
11 8 11
10 11 11
9 16 9
14 11 11
56 84
8 40 6
7 51 6
36 27 6
38 17 55
3 19 6
35 52 6
25 53 12
14 41 6
49 39 49
39 56 39
3 1 3
50 26 6
29 44 6
4 26 6
52 6 6
37 29 54
18 52 22
5 25 6
54 31 6
40 17 6
49 15 6
36 22 6
45 2 6
8 15 6
14 13 6
21 18 22
42 49 6
6 32 6
18 31 6
33 12 6
9 12 6
28 44 6
9 21 6
43 22 6
33 35 44
8 13 55
41 39 6
51 55 55
39 32 6
34 41 6
18 28 6
47 18 6
8 33 6
15 39 6
10 48 10
23 51 6
3 20 6
15 50 6
31 40 6
16 9 6
46 52 54
15 48 6
13 33 6
10 23 6
31 52 6
48 9 6
39 2 6
6 21 6
33 4 44
29 12 6
1 22 6
40 26 6
31 20 6
49 55 55
46 31 6
53 27 6
51 27 6
29 37 54
41 19 6
50 45 6
41 37 54
8 1 55
12 22 6
31 15 6
54 13 6
30 24 6
22 20 54
41 15 6
50 22 6
36 56 6
29 26 6
39 41 6
35 30 44
26 3 55
13 99
8 4 9
1 4 9
11 3 9
13 1 9
3 7 9
2 5 12
1 8 10
3 2 12
13 12 9
13 4 9
8 4 9
6 2 6
9 5 9
7 6 6
13 6 6
2 9 9
9 7 9
4 10 9
10 4 9
10 3 10
6 7 6
9 8 9
4 12 9
1 10 10
5 6 6
13 4 9
13 7 9
12 1 12
1 9 9
3 9 9
11 7 7
8 1 10
7 6 6
9 5 9
11 4 4
5 8 10
6 11 6
8 6 6
13 9 9
3 7 9
10 6 6
9 10 9
7 1 9
9 6 6
11 3 9
4 11 4
11 13 9
1 5 10
9 12 9
8 12 12
7 8 9
12 9 9
6 9 6
8 4 9
13 2 9
11 4 4
3 7 9
7 13 9
1 7 9
3 7 9
9 3 9
12 5 12
2 5 12
2 10 12
7 1 9
6 11 6
3 1 1
4 10 9
6 2 6
11 5 9
3 9 9
12 5 12
13 2 9
8 6 6
6 10 6
3 1 1
11 6 6
11 4 4
13 6 6
4 7 4
5 12 12
7 1 9
10 9 9
11 13 9
11 12 9
10 6 6
3 5 10
6 8 6
2 8 12
5 1 10
6 12 6
8 11 9
9 10 9
7 11 7
7 11 7
7 3 9
12 7 9
2 3 12
10 2 12
37 38
12 22 5
33 5 5
7 6 12
1 7 34
15 8 15
36 10 34
17 3 5
8 23 5
34 14 34
24 5 5
26 12 12
15 2 5
5 32 5
31 14 34
34 21 34
31 33 34
28 9 27
22 10 5
7 6 12
8 31 5
18 30 12
29 21 29
36 18 18
11 22 5
31 16 12
19 8 5
2 16 12
26 3 5
31 27 27
37 22 5
9 24 27
28 1 34
25 23 12
7 23 34
4 7 34
27 4 34
3 1 5
16 23 12
21 41
21 4 21
14 19 14
6 4 14
2 1 10
16 19 14
19 11 14
6 17 18
19 16 14
15 16 18
16 21 21
16 1 11
14 17 18
21 13 21
15 9 18
19 8 18
7 9 3
8 18 18
2 11 11
10 21 21
7 18 18
18 2 18
18 21 18
13 14 14
3 20 14
14 8 18
18 9 18
16 11 11
9 7 3
12 19 14
11 14 14
6 12 3
14 9 14
7 17 18
3 8 18
10 16 11
6 13 13
18 21 18
15 7 18
10 9 3
6 17 18
13 10 13
43 104
40 33 12
6 17 21
37 28 25
2 37 25
13 17 21
32 26 32
17 29 34
24 14 32
5 7 25
30 2 32
26 12 41
9 14 32
33 6 21
7 30 32
27 10 21
7 6 21
8 13 8
28 23 25
26 2 25
4 30 38
15 11 41
18 29 23
6 18 21
36 40 41
29 24 23
11 38 38
20 8 32
1 7 25
7 3 25
35 30 32
4 35 32
5 12 41
25 17 21
38 37 32
36 18 41
10 16 21
35 17 21
14 11 20
17 1 21
35 22 26
19 31 14
23 18 23
15 36 21
2 23 25
41 42 41
41 7 41
41 31 41
8 2 25
18 14 32
14 35 32
24 5 25
40 22 25
39 18 25
21 10 21
30 3 32
15 30 21
32 26 32
33 14 32
8 42 25
35 14 32
40 34 41
31 7 4
39 35 5
28 27 32
35 37 25
15 11 21
32 11 32
7 40 7
27 10 21
20 21 21
25 19 32
19 11 19
3 10 21
30 21 21
24 13 25
1 40 25
14 16 32
28 23 25
40 17 21
14 35 42
29 15 9
12 1 41
1 14 34
32 41 32
7 30 32
30 32 32
42 16 25
1 33 25
11 42 32
24 43 25
27 36 32
40 29 25
5 31 25
26 11 32
33 10 21
11 2 32
14 2 32
8 43 25
19 14 19
15 3 38
20 34 32
33 12 41
43 37 25
39 26 5
50 111
8 17 23
26 2 5
11 13 5
1 6 5
30 46 5
18 17 5
10 32 5
32 19 5
32 34 5
50 29 36
49 6 5
34 19 5
44 42 5
3 22 5
7 22 5
4 41 19
31 15 5
30 15 30
44 8 5
32 19 5
34 17 5
47 19 5
39 41 5
17 45 23
39 35 5
33 36 5
47 42 36
6 38 30
14 48 44
17 47 5
47 18 5
13 15 5
7 1 13
19 33 5
29 12 5
42 47 36
41 43 5
8 38 5
4 46 5
7 36 5
11 23 5
24 26 5
22 43 43
27 50 5
35 22 5
26 32 5
50 8 5
11 9 5
45 48 5
16 7 13
35 18 5
32 41 5
17 27 5
7 49 5
25 39 5
6 46 5
6 17 5
24 14 5
6 3 5
23 49 5
6 11 5
49 41 5
46 36 36
35 42 5
50 32 5
20 25 5
18 43 5
47 1 5
31 25 5
3 2 5
12 26 12
18 34 5
48 42 5
26 4 5
45 8 40
50 25 36
13 29 5
9 8 13
14 6 5
13 22 5
13 2 13
46 3 36
23 31 5
32 18 5
48 22 5
27 47 5
48 41 5
24 3 5
33 11 5
34 14 5
29 6 5
28 32 5
1 14 5
27 32 5
28 22 5
3 21 5
3 4 5
3 7 5
46 9 5
42 48 5
25 1 5
21 7 40
1 34 5
24 16 5
20 23 23
3 50 36
48 37 37
36 31 5
9 31 5
23 33 23
28 12 5
16 118
4 12 3
8 5 3
1 13 11
8 2 3
6 11 6
6 7 6
1 3 3
1 5 3
14 10 6
1 10 3
8 2 3
10 7 3
7 10 3
9 11 9
11 13 11
10 14 6
16 6 6
11 1 11
2 12 3
15 13 3
12 2 3
10 15 3
6 9 6
12 2 3
15 1 3
16 15 3
11 13 11
4 7 3
10 2 3
4 5 3
1 6 6
10 7 3
13 11 11
16 10 3
3 10 3
4 9 9
7 13 3
11 1 11
13 10 3
14 1 6
9 4 9
1 4 3
5 8 3
2 15 3
14 6 6
10 15 3
15 10 3
4 14 6
11 14 6
1 16 16
8 14 6
7 3 3
9 3 9
12 8 3
2 9 9
1 6 6
1 14 6
2 7 3
5 10 3
1 13 11
14 6 6
7 6 6
7 8 3
14 1 6
9 16 9
1 13 11
8 16 3
14 4 6
5 10 3
7 11 3
4 15 4
4 11 3
9 15 9
11 7 3
1 13 11
16 13 16
2 14 6
7 14 6
8 7 3
4 15 4
12 10 3
12 11 3
5 11 3
14 4 6
3 11 3
4 12 3
6 1 6
11 12 3
12 13 3
5 16 3
11 12 3
12 10 3
12 3 3
10 8 3
9 4 9
13 8 3
4 3 3
2 9 9
2 11 11
11 1 11
14 5 6
12 8 3
15 5 3
15 8 15
14 16 6
12 14 6
3 11 3
1 8 3
12 10 3
5 14 6
8 2 3
8 15 15
8 9 9
14 9 6
11 10 3
11 10 3
12 4 3
8 13 3
16 25
6 10 10
3 8 1
6 11 1
8 12 1
4 3 1
11 9 14
1 14 1
7 16 14
2 1 1
13 14 13
11 7 14
8 7 1
16 14 14
15 11 15
10 9 10
8 1 1
12 4 1
6 1 1
2 8 1
11 16 14
16 15 15
4 16 1
8 4 1
15 8 15
7 15 15
12 117
2 5 7
6 12 4
3 6 7
12 8 4
1 10 1
5 12 4
12 11 4
3 7 7
10 12 4
3 10 7
8 7 7
5 11 4
5 6 5
7 2 7
2 7 7
8 6 5
8 10 4
3 2 2
12 3 7
1 6 1
9 7 7
9 1 1
12 10 4
7 5 7
3 2 2
10 9 11
1 7 1
12 1 1
12 6 4
7 2 7
2 4 7
1 12 1
12 10 4
6 2 7
7 5 7
10 1 1
4 7 7
10 11 11
10 1 1
2 8 7
8 11 4
2 9 7
11 8 4
8 6 5
8 1 1
1 6 1
8 1 1
4 7 7
8 10 4
5 7 7
5 12 4
6 7 7
12 10 4
12 9 4
11 4 4
11 7 7
9 3 7
12 1 1
4 10 4
1 10 1
3 6 7
6 7 7
2 11 7
8 11 4
9 4 4
9 7 7
4 10 4
8 4 4
11 2 7
12 9 4
9 3 7
11 5 4
4 7 7
4 6 4
5 4 4
6 10 4
1 7 1
12 8 4
5 7 7
4 2 7
9 11 11
2 6 7
9 1 1
8 12 4
12 10 4
7 10 7
12 3 7
4 6 4
1 12 1
7 5 7
1 2 1
2 11 7
5 10 4
1 12 1
12 1 1
12 3 7
3 12 7
7 2 7
4 9 4
11 9 11
9 3 7
12 2 7
3 2 2
2 4 7
11 2 7
4 1 1
12 6 4
11 6 4
5 7 7
8 2 7
6 12 4
12 11 4
11 1 1
10 5 4
5 4 4
11 3 7
4 11 4
3 1
1 2 3
28 90
2 11 24
28 2 24
28 17 24
2 26 24
13 7 13
5 1 24
5 8 24
22 25 1
17 18 1
27 11 1
22 4 24
13 12 24
28 7 24
20 8 24
13 19 13
14 10 14
23 14 24
5 22 24
28 7 24
28 2 24
3 16 1
6 23 24
7 15 1
24 12 24
15 28 24
17 9 1
28 12 24
25 1 1
20 27 24
20 28 24
19 14 22
10 1 1
26 4 24
21 3 24
6 4 24
10 24 24
8 10 1
20 26 17
5 15 24
27 15 27
10 26 5
6 2 24
16 13 1
3 12 24
15 28 24
10 17 17
24 16 24
21 16 24
23 11 24
10 5 24
20 25 13
15 14 1
21 10 24
14 28 24
5 1 24
24 14 24
28 14 24
25 7 7
7 17 7
12 22 24
23 10 24
25 22 1
27 16 27
27 2 24
28 24 24
20 25 24
21 23 21
18 15 18
17 19 17
22 2 24
1 26 1
17 13 13
13 2 24
20 16 24
18 22 1
21 13 24
2 23 24
10 4 24
25 14 14
10 24 24
28 12 24
1 11 1
17 25 25
14 25 14
3 12 24
16 17 1
13 18 1
27 14 1
16 6 6
14 2 24
60 120
12 15 3
4 26 58
17 24 3
56 40 12
47 22 3
60 57 3
23 45 3
60 4 58
37 28 52
60 52 52
47 5 3
44 10 52
45 22 3
18 21 3
46 18 3
49 40 52
43 19 19
3 14 3
34 56 48
59 8 48
9 17 3
11 39 3
10 12 3
39 6 3
50 24 58
18 54 3
39 54 3
13 5 5
12 37 3
48 32 3
58 60 58
54 51 58
13 5 5
54 36 48
48 20 48
15 29 52
12 46 3
44 48 48
6 52 52
16 6 52
7 11 3
43 10 48
14 55 14
11 36 3
7 8 48
32 23 3
45 36 3
57 55 3
56 44 48
21 16 58
57 32 3
37 23 52
40 27 3
28 20 52
55 29 3
33 52 52
28 24 58
25 38 48
2 45 3
14 55 14
52 42 52
12 3 3
4 22 3
3 47 3
16 25 48
14 22 9
39 9 30
35 17 3
20 9 3
30 11 3
51 23 51
7 60 58
37 35 29
31 39 3
42 17 3
32 25 3
46 58 3
22 54 3
25 3 3
8 17 3
9 3 3
40 32 3
7 59 58
30 20 52
40 50 52
28 35 52
2 25 48
38 47 3
60 49 58
35 41 29
31 48 48
6 12 3
54 40 52
41 33 52
59 28 58
33 47 3
15 13 52
43 14 3
58 34 58
20 37 52
56 33 48
30 37 52
20 48 48
60 34 58
24 13 52
25 34 48
38 59 48
41 11 3
40 22 3
50 47 3
57 43 39
43 16 48
34 60 58
19 56 19
50 31 52
21 57 3
33 57 3
11 58 3
6 31 29
11 32 3
57 10
43 1 2
33 5 16
6 27 2
5 2 2
38 26 16
57 34 24
48 22 2
53 50 2
34 9 2
23 39 2
42 33
8 38 30
11 38 30
32 13 30
39 38 31
4 33 31
21 32 16
22 2 31
25 40 31
7 40 16
15 42 30
29 35 31
1 5 28
37 11 30
37 21 37
30 34 30
18 16 16
32 7 32
2 36 18
36 20 36
26 32 16
18 10 16
20 32 20
42 18 31
2 29 39
1 40 40
5 23 30
41 25 11
32 6 16
36 1 30
22 16 16
5 19 5
25 39 31
8 9 17
8 97
7 8 3
6 1 6
3 4 6
8 3 3
1 6 6
2 8 3
6 5 6
7 3 3
8 7 3
2 3 3
4 8 6
1 7 3
6 2 6
4 7 6
6 8 6
8 6 6
3 1 3
6 3 6
1 5 6
5 3 6
8 5 6
2 6 6
2 5 6
1 7 3
2 6 6
8 7 3
6 4 6
6 7 6
8 6 6
5 1 6
4 1 6
3 1 3
8 1 1
7 2 3
3 1 3
2 1 3
8 4 6
2 8 3
4 6 6
5 7 6
5 7 6
6 5 6
5 7 6
7 3 3
7 1 3
6 8 6
1 2 3
4 5 4
2 1 3
5 7 6
3 7 3
6 3 6
6 3 6
2 5 6
8 4 6
5 6 6
2 3 3
4 1 6
6 8 6
7 8 3
8 5 6
4 1 6
2 6 6
1 8 1
7 5 6
7 1 3
6 8 6
7 1 3
4 1 6
6 7 6
1 4 6
4 1 6
8 6 6
6 2 6
1 6 6
6 3 6
2 4 6
2 3 3
3 6 6
1 5 6
7 5 6
6 7 6
8 5 6
3 8 3
3 7 3
3 6 6
6 8 6
7 6 6
1 6 6
7 8 3
2 3 3
2 8 3
1 2 3
2 1 3
5 4 4
1 5 6
4 6 6
55 32
6 20 52
34 21 28
14 12 52
39 47 52
10 14 30
28 12 28
31 14 52
14 41 30
32 44 52
7 23 52
4 17 49
13 44 18
40 5 30
52 13 52
39 27 52
53 34 52
28 40 52
33 18 33
33 38 33
40 29 40
24 37 52
28 23 52
1 8 40
35 4 30
24 43 52
36 14 49
47 42 34
33 12 52
35 36 30
21 20 52
27 6 52
3 10 52
16 105
8 10 8
13 9 13
6 4 14
15 12 8
2 6 14
13 2 13
16 3 5
10 4 5
16 9 13
2 15 5
4 10 5
11 3 11
2 13 13
2 6 14
16 7 14
7 14 14
5 13 13
7 2 14
15 5 5
1 15 14
1 14 14
4 15 15
16 12 8
5 16 5
16 12 8
13 8 13
12 16 8
8 1 14
14 9 14
9 4 13
3 16 5
6 15 14
2 9 13
7 4 14
9 4 13
5 2 5
11 13 13
9 8 13
6 14 14
14 13 14
16 11 5
9 10 13
13 2 13
7 3 14
11 9 13
15 9 13
16 2 2
5 16 5
4 5 5
9 7 14
7 4 14
10 3 5
13 11 13
4 7 14
8 12 8
8 7 14
8 15 8
13 16 13
7 8 14
9 1 14
12 4 8
10 15 5
12 3 8
2 7 14
15 2 5
9 10 13
3 15 5
3 2 5
10 13 13
12 11 8
15 4 15
10 1 14
13 1 14
8 11 8
8 15 8
6 10 14
9 12 13
4 1 14
8 7 14
8 9 13
1 16 14
8 14 14
1 9 14
5 1 14
15 11 5
3 16 5
7 16 14
13 1 14
11 2 5
2 6 14
14 15 14
14 2 14
10 9 13
13 7 14
15 4 15
11 16 5
8 10 8
14 8 14
14 8 14
7 2 14
1 11 14
11 9 13
11 15 5
12 4 8
8 12 8
3 3
1 2 2
2 3 3
3 1 1
15 98
5 3 1
1 4 1
3 10 1
15 2 6
14 10 1
13 5 6
7 4 1
12 10 6
7 3 1
4 3 4
12 13 6
13 7 1
12 15 6
10 6 6
14 1 1
10 7 1
7 8 1
10 12 6
12 5 6
13 10 13
12 5 6
13 10 13
14 11 11
15 13 13
5 9 2
11 12 1
3 12 1
4 13 1
8 7 1
2 12 6
15 12 6
6 3 1
10 12 7
15 4 1
3 10 1
6 4 1
13 1 2
8 10 6
11 12 1
9 12 6
8 3 1
14 3 11
5 6 6
9 7 1
11 9 1
1 3 3
11 7 1
11 4 4
13 6 6
10 3 1
12 14 1
3 14 11
1 8 1
1 12 1
14 15 1
9 3 1
7 12 1
3 1 1
11 6 1
15 8 6
8 6 6
14 6 1
2 10 6
11 15 1
14 8 1
11 3 11
4 12 1
13 14 1
6 14 1
11 10 1
6 5 6
4 6 1
15 10 15
5 15 6
8 9 6
10 12 6
6 15 6
8 13 10
9 8 6
2 4 1
4 13 1
8 2 6
4 7 1
15 9 6
10 2 6
4 14 4
5 10 6
8 4 1
2 14 1
11 7 1
15 10 15
2 12 6
14 5 14
6 15 6
7 14 1
14 10 1
15 1 1
7 15 1
8 37
5 3 4
1 7 4
1 2 2
7 3 4
2 5 2
7 1 4
6 1 2
7 8 4
6 4 2
2 6 2
7 1 4
1 6 2
8 5 4
3 5 4
8 3 3
6 4 2
4 8 4
6 3 8
4 2 2
6 3 2
4 2 2
6 8 2
7 4 4
5 8 4
1 5 4
4 6 2
8 3 3
3 2 7
8 2 2
6 5 2
3 8 3
4 1 4
3 4 4
6 3 2
7 3 4
5 6 2
7 1 4
44 104
12 43 39
2 24 8
32 12 39
16 10 39
24 14 8
32 11 15
1 32 39
37 9 39
6 20 39
4 35 28
36 28 39
36 27 27
13 19 8
31 8 8
16 11 8
9 26 18
13 30 39
22 13 39
4 17 18
33 42 5
18 10 39
14 24 8
40 1 1
2 12 8
8 15 8
32 5 39
43 20 39
41 43 10
22 23 39
4 20 8
8 16 8
10 7 39
6 17 39
14 43 39
25 38 39
34 40 8
22 37 39
18 22 39
11 24 8
3 35 39
37 41 39
25 9 39
32 37 39
4 31 28
5 27 39
7 16 8
27 18 9
3 28 39
14 33 34
3 24 39
10 30 29
24 6 39
44 21 39
32 10 29
19 44 8
23 15 15
32 36 29
39 30 39
13 14 8
24 26 8
24 2 8
44 15 8
36 34 39
44 1 28
22 5 39
5 31 9
9 10 39
18 43 29
23 26 8
41 3 29
36 33 39
34 26 8
31 5 28
8 30 39
14 36 39
28 22 39
6 27 27
26 12 18
33 9 8
34 1 8
26 38 18
40 13 8
1 34 8
4 13 8
16 1 8
39 9 39
42 9 39
44 28 28
19 5 8
4 10 39
43 44 39
13 5 12
31 19 8
2 44 8
17 33 8
33 29 39
23 9 8
41 17 39
41 21 41
19 37 39
20 39 39
39 34 39
8 14 8
31 5 28
60 120
14 1 13
50 14 23
1 34 57
31 21 57
34 52 57
51 42 22
60 21 22
21 45 13
52 20 13
34 46 57
3 33 13
41 58 13
26 39 13
16 32 13
36 48 13
19 9 22
47 44 22
57 8 13
40 23 13
16 30 22
38 49 13
28 22 22
51 16 22
40 41 22
24 42 57
9 59 13
19 42 57
44 8 13
29 59 13
21 48 22
55 16 22
51 19 22
34 5 13
41 36 13
33 60 13
21 33 13
39 20 13
32 33 23
3 41 6
42 21 42
18 45 13
17 55 13
9 48 9
14 22 13
33 56 13
1 47 6
48 33 13
32 9 13
50 22 13
17 53 13
54 44 22
16 41 22
52 44 22
60 52 22
56 50 13
33 21 13
47 7 22
37 9 9
39 24 22
3 56 22
28 43 28
53 27 13
23 2 23
23 39 13
15 13 13
59 16 13
40 44 16
9 18 22
10 27 13
46 51 22
40 59 13
10 27 13
3 7 22
11 50 13
14 40 13
14 21 13
13 15 13
15 25 13
44 46 22
34 5 13
42 27 13
38 47 22
20 55 13
14 15 59
2 59 23
52 35 22
54 43 6
32 13 13
30 49 13
35 52 22
55 2 13
49 26 36
44 4 13
25 22 22
55 36 13
46 3 6
52 26 13
42 11 22
55 12 22
4 1 13
32 30 13
3 46 6
59 56 13
42 59 13
51 29 22
15 1 13
52 33 13
46 7 22
10 8 13
24 44 22
53 13 13
35 22 22
45 43 13
18 3 6
33 23 23
3 58 13
46 7 22
58 42 13
54 31 6
1 34 57
6 100
3 6 3
5 4 6
3 5 3
3 1 3
1 4 4
3 2 3
2 5 2
3 2 3
5 6 6
6 2 6
1 3 3
5 2 2
2 4 6
6 5 6
3 2 3
5 1 6
6 5 6
6 1 6
6 3 3
5 4 6
6 5 6
2 1 6
6 5 6
4 6 6
5 2 2
4 3 3
1 2 6
5 4 6
5 2 2
1 2 6
6 1 6
5 6 6
1 5 6
4 3 3
1 2 6
4 6 6
6 5 6
3 2 3
1 5 6
5 3 3
4 2 6
3 4 3
1 6 6
2 1 6
2 1 6
3 1 3
5 3 3
1 5 6
1 2 6
1 3 3
3 2 3
3 4 3
5 1 6
1 4 4
4 5 6
3 1 3
1 2 6
3 4 3
4 2 6
5 4 6
2 4 6
5 3 3
5 4 6
3 6 3
6 3 3
5 2 2
5 2 2
5 1 6
3 1 3
6 3 3
5 3 3
2 6 6
1 2 6
4 1 4
1 5 6
3 5 3
1 3 3
5 3 3
6 5 6
4 2 6
3 4 3
3 1 3
2 5 2
5 2 2
2 1 6
3 2 3
5 6 6
1 2 6
6 1 6
1 3 3
1 4 4
2 3 3
4 6 6
3 2 3
4 3 3
1 5 6
4 2 6
5 2 2
1 3 3
3 6 3
56 83
18 27 6
20 52 52
33 53 52
2 14 11
24 55 52
11 33 52
38 17 11
16 50 52
29 14 11
19 9 52
17 18 6
17 14 11
55 2 11
1 45 45
6 49 6
19 52 52
56 55 11
26 2 26
41 33 52
1 32 6
31 30 52
14 24 52
32 24 52
42 14 11
54 41 54
22 41 52
38 47 6
27 39 6
50 3 12
7 41 11
18 37 6
44 19 11
33 35 52
29 48 11
21 22 52
42 31 11
31 11 11
20 34 6
20 30 52
33 34 52
56 41 11
30 36 52
49 36 6
43 56 26
41 19 11
35 38 6
36 6 6
56 1 11
21 42 11
2 6 6
45 26 11
41 11 11
52 26 52
30 42 52
21 7 11
14 13 11
22 50 52
22 41 52
21 28 6
15 37 6
43 33 52
27 25 11
20 23 11
6 17 6
21 45 11
37 42 11
28 46 6
26 9 52
36 45 11
53 33 52
29 9 52
44 19 11
15 40 52
35 12 6
16 4 52
36 4 26
1 51 11
32 27 6
4 48 26
44 13 11
40 53 52
13 5 11
35 11 6
48 93
48 8 8
11 33 11
4 46 4
6 1 42
32 45 35
26 46 11
46 21 11
10 1 1
25 48 11
22 29 42
30 44 44
11 6 42
26 41 11
30 12 15
37 30 11
35 42 42
42 8 42
27 19 11
6 18 42
14 38 11
24 47 47
33 43 42
15 12 15
48 37 47
33 39 42
32 14 15
30 24 11
1 35 11
16 33 11
11 20 11
11 37 11
38 20 11
14 25 11
24 41 11
20 15 11
43 9 42
9 29 42
47 35 11
42 43 42
19 18 11
37 4 11
5 27 9
3 5 42
29 36 42
42 46 42
26 37 11
23 33 11
7 9 11
42 47 42
46 20 11
39 16 42
27 39 42
27 16 11
46 39 42
25 13 11
13 31 11
28 4 42
41 15 11
12 37 47
8 32 18
19 12 11
44 3 42
10 6 42
45 29 42
36 44 20
30 2 11
45 3 42
14 44 15
26 46 11
22 9 9
36 40 42
2 23 11
16 3 42
16 28 42
6 41 42
31 8 11
30 48 11
32 5 32
33 39 42
8 24 47
13 8 11
11 47 11
33 6 42
34 18 42
12 14 14
22 19 11
18 23 11
2 16 22
19 3 42
46 27 11
14 45 15
45 21 9
11 35 40
31 32
2 1 9
10 19 9
20 7 5
18 8 19
12 25 9
2 25 20
30 2 2
28 16 5
13 19 19
21 4 5
7 9 9
20 9 9
21 27 9
21 7 5
30 6 9
5 1 9
6 2 9
17 27 9
2 6 9
1 3 3
9 24 9
17 10 5
7 12 9
1 26 9
24 11 5
9 7 9
29 5 5
20 15 20
8 1 19
7 4 5
14 26 9
31 3 9
41 72
30 2 29
16 40 29
3 13 13
28 39 29
6 14 29
6 29 29
15 33 29
12 37 29
38 39 29
38 36 13
4 26 13
24 33 29
38 6 29
25 13 29
40 3 29
13 15 29
10 39 29
9 20 29
17 23 29
36 38 13
24 19 24
2 21 29
3 8 29
4 14 29
27 39 29
19 38 13
5 41 29
33 31 29
38 39 29
37 26 29
3 18 9
9 7 7
15 5 29
33 31 29
31 8 29
16 33 29
14 29 29
15 3 29
15 35 29
32 33 29
2 3 29
25 2 29
17 23 29
13 30 29
1 13 29
30 24 29
12 15 29
38 40 29
36 26 36
20 6 29
6 37 29
26 41 29
37 17 29
19 26 13
9 22 29
39 31 29
22 3 29
41 19 29
28 11 29
18 13 17
25 28 29
15 27 29
26 13 13
1 17 29
21 1 29
5 26 29
26 3 26
39 4 29
12 13 29
38 2 29
20 26 29
40 38 29
38 25
21 28 16
26 11 16
10 25 29
11 17 16
1 19 32
1 28 28
22 19 32
13 10 16
3 34 32
1 12 17
8 37 16
4 38 31
5 8 16
9 25 32
9 28 28
32 12 32
34 23 32
19 34 32
33 23 5
16 14 16
25 31 32
33 35 5
33 22 5
30 38 32
29 37 32
50 77
47 9 39
8 17 39
33 23 39
17 29 39
5 33 39
48 24 39
27 43 39
17 12 17
33 24 39
30 17 39
29 43 39
16 44 39
41 11 36
28 47 47
33 27 39
29 43 39
4 14 39
22 48 39
27 2 39
22 46 39
22 12 39
5 43 39
10 24 39
22 4 22
33 27 39
45 21 13
33 17 17
28 17 17
21 36 39
49 24 39
48 46 39
23 47 39
29 15 39
31 15 39
42 33 44
3 31 39
1 12 44
28 36 39
19 14 39
15 38 39
21 10 39
9 13 39
23 1 39
16 29 39
16 31 31
27 32 39
23 49 23
7 49 39
8 9 39
5 15 39
5 15 39
30 17 39
16 15 39
41 16 39
13 46 39
22 40 39
3 50 39
6 3 39
4 33 39
23 35 39
33 8 39
6 21 39
44 37 44
50 44 39
34 17 39
11 23 39
29 1 39
25 32 36
23 2 39
24 40 39
12 39 39
11 35 39
13 30 39
24 4 13
44 37 44
41 17 39
36 43 39
19 19
16 13 16
11 10 19
10 13 19
10 17 17
14 11 17
11 1 17
16 15 17
6 8 17
19 12 17
4 6 17
10 9 17
10 4 4
15 10 19
7 10 17
18 12 12
11 7 17
5 4 17
2 1 7
14 18 17
4 2
2 1 2
1 4 3
60 120
5 14 14
23 11 14
56 26 14
17 48 14
20 36 14
59 34 14
50 11 50
44 29 14
52 56 14
52 23 14
51 56 14
12 10 1
47 5 14
16 41 1
43 28 14
3 35 7
47 32 4
7 5 14
55 25 14
19 4 4
31 2 45
18 36 14
3 31 14
3 38 7
30 6 7
20 39 14
60 38 4
17 6 14
1 7 14
52 5 14
41 27 1
28 52 14
12 8 53
16 31 53
53 11 14
18 20 1
41 29 14
38 19 4
7 21 14
34 11 7
30 23 14
21 35 14
27 19 14
3 22 7
46 20 14
24 29 14
26 44 14
26 53 14
16 54 14
5 58 14
10 26 14
18 60 14
34 7 7
15 29 14
17 53 53
42 52 14
45 19 14
31 35 14
54 21 14
13 34 14
6 10 14
21 58 14
38 52 7
48 54 7
30 54 7
43 40 7
30 40 7
55 56 1
24 2 1
12 27 53
50 23 14
43 5 14
31 20 1
10 44 14
30 2 14
40 58 7
52 47 7
27 2 53
53 49 14
31 51 14
55 24 1
54 27 14
16 4 14
16 8 53
26 20 14
54 22 7
50 16 14
32 19 4
3 55 14
37 32 14
58 25 4
51 19 14
45 6 14
5 31 14
34 48 7
18 24 1
43 13 14
57 41 14
12 30 14
17 25 14
58 60 4
48 41 14
56 2 1
34 60 4
58 13 14
32 41 14
28 10 1
47 31 14
21 47 14
44 31 14
29 22 14
27 54 14
5 11 14
5 24 14
16 42 53
24 45 1
29 6 14
35 59 14
45 47 14
60 30 4
54 12
21 43 47
47 25 47
25 6 47
11 2 14
35 48 47
49 11 47
32 34 47
35 9 47
43 13 14
52 12 47
26 2 47
8 51 47
11 91
7 3 2
7 8 8
3 7 2
1 10 1
1 10 1
9 7 2
10 8 8
9 6 2
2 6 2
10 5 7
9 6 2
8 5 8
6 10 7
3 6 2
4 1 7
11 1 7
1 10 1
7 2 2
10 1 1
2 8 2
10 2 2
2 6 2
2 5 2
11 9 2
4 6 7
4 10 7
8 2 2
10 9 2
9 6 2
8 4 8
11 7 7
2 11 2
10 11 7
5 11 7
10 3 2
6 4 7
3 5 2
8 3 2
3 8 2
7 1 7
9 6 2
6 9 2
5 1 7
7 9 7
5 1 7
4 7 7
6 7 7
10 1 1
6 5 7
11 2 2
9 11 2
6 9 2
3 1 2
9 3 3
5 4 7
10 3 2
1 6 7
11 1 7
8 5 8
8 11 8
10 8 8
1 11 11
2 1 2
7 6 7
6 7 3
7 3 2
11 8 8
8 5 8
10 7 7
5 9 2
4 10 7
4 1 7
6 1 7
6 1 7
5 7 7
10 2 2
8 7 8
1 10 10
1 10 6
2 7 2
11 8 8
9 2 2
6 8 8
11 7 7
11 10 7
5 9 2
11 10 7
10 11 7
2 9 2
4 9 2
9 3 3
12 9
1 5 7
11 2 6
9 4 12
8 12 6
10 1 7
4 3 12
3 10 6
8 11 8
2 5 10
50 109
32 6 41
16 5 16
17 13 16
41 1 41
46 48 41
16 38 16
50 8 50
6 45 16
6 21 17
46 18 13
49 17 41
29 32 41
19 37 33
1 12 16
34 1 16
7 4 41
37 31 33
30 40 41
25 39 16
24 7 16
4 10 41
28 36 41
13 25 16
25 19 41
34 35 41
39 40 41
26 10 26
10 22 16
38 10 16
28 26 16
9 37 41
36 20 41
7 32 41
23 18 16
49 2 33
33 4 33
6 45 16
15 30 41
11 37 41
18 15 41
17 31 41
48 28 41
19 46 41
5 32 41
18 20 16
34 39 16
36 38 41
1 36 41
17 6 17
45 13 16
46 39 13
38 36 41
25 12 43
42 9 39
38 31 41
20 12 16
9 33 41
7 27 17
14 49 41
36 30 41
20 43 16
21 41 41
19 17 41
22 18 16
24 33 41
44 37 33
16 39 16
16 15 41
2 35 35
24 9 39
4 1 41
15 32 41
13 50 41
14 46 16
42 41 41
34 24 16
36 50 50
34 7 17
18 15 41
9 39 39
10 33 41
35 50 33
13 23 16
20 19 41
47 13 16
15 14 41
49 5 41
16 23 16
36 49 33
18 28 16
10 25 16
31 32 32
14 25 14
8 16 41
45 1 16
32 23 41
14 37 41
25 9 16
20 6 16
32 4 32
19 38 41
18 42 13
33 42 41
20 10 16
43 4 41
47 23 16
46 19 41
12 9 16
12 16 16
8 59
8 1 7
1 6 7
8 6 6
2 5 7
5 1 7
6 1 7
5 1 7
5 6 6
4 3 7
7 1 7
1 4 4
7 5 7
2 8 7
8 6 6
3 1 7
2 3 7
1 5 7
3 8 7
8 6 6
8 5 8
1 7 7
4 3 7
7 1 7
6 1 7
2 4 4
7 5 7
6 1 7
8 7 7
2 1 2
2 1 2
5 3 7
8 7 7
8 1 7
3 8 7
6 7 7
7 4 7
5 4 7
7 4 7
1 4 4
1 5 7
1 3 7
5 8 8
7 8 7
1 3 7
7 3 7
3 6 7
3 8 7
8 2 7
1 7 7
6 8 6
3 8 7
6 2 7
8 4 7
8 2 7
4 8 7
4 3 7
8 5 8
5 6 6
5 6 6
17 105
17 5 11
9 17 9
14 7 7
16 9 7
11 1 9
13 2 7
14 11 7
10 9 7
17 6 7
7 1 7
15 4 9
15 16 7
12 16 7
4 3 5
15 10 7
1 6 7
8 2 7
1 7 7
2 4 7
1 7 7
12 6 12
6 12 12
6 11 7
17 6 7
6 10 12
9 14 14
17 11 9
11 2 7
10 5 7
14 11 7
11 15 9
16 10 8
1 11 9
1 8 7
14 16 14
17 14 7
1 13 7
4 17 9
4 14 7
13 9 7
15 1 15
1 13 7
7 13 7
10 8 7
5 10 7
3 17 9
6 16 7
17 12 7
13 15 7
11 16 7
13 8 7
16 9 7
8 12 7
6 16 7
3 4 4
17 4 9
3 16 7
7 5 7
8 16 13
7 12 7
8 11 7
5 10 7
2 1 7
3 16 7
16 4 7
15 11 9
7 5 7
9 12 7
17 11 9
1 12 7
5 11 9
12 8 7
13 10 10
4 2 7
4 10 7
5 15 7
12 4 7
3 11 11
3 16 7
5 6 7
3 11 11
17 6 7
7 3 7
11 8 7
7 1 7
3 13 7
4 5 7
16 2 2
7 9 7
1 7 7
9 17 9
12 1 7
8 7 7
14 16 14
14 1 7
10 1 7
2 4 5
8 10 7
9 12 7
13 5 4
15 12 7
9 11 9
13 4 7
5 17 7
7 5 7
60 120
14 31 47
42 55 6
22 26 47
6 32 15
29 49 47
57 15 15
48 41 47
35 44 15
20 40 39
56 25 37
38 49 15
28 51 15
39 56 15
7 13 47
10 56 15
37 10 15
33 28 47
11 41 11
31 15 15
8 48 47
48 49 47
56 54 15
19 42 47
32 11 47
31 10 15
47 1 47
53 45 15
30 27 15
12 38 15
28 3 15
43 25 15
46 17 47
52 11 47
40 15 15
17 58 17
25 40 15
53 7 53
27 23 47
23 10 47
4 6 47
59 38 47
2 10 15
42 59 47
23 47 47
57 13 47
56 30 15
58 41 47
54 48 47
45 16 15
56 58 15
56 60 60
46 24 46
19 52 47
37 36 6
57 5 55
35 54 35
44 9 47
3 31 15
4 53 47
15 40 15
12 28 37
56 5 37
58 27 15
25 32 15
59 8 47
7 5 28
60 25 37
33 18 47
38 8 47
45 30 39
3 42 15
26 55 47
18 6 15
43 9 47
46 17 47
50 30 15
59 1 47
38 13 47
3 19 47
35 41 47
26 55 47
25 13 47
6 4 47
16 52 6
51 26 47
57 12 37
51 50 15
11 60 47
30 26 47
1 57 15
12 16 37
42 49 15
47 29 47
22 60 37
12 2 6
58 43 58
8 54 47
34 20 15
57 3 15
27 10 15
25 20 15
2 21 47
4 27 47
46 40 47
54 22 15
1 36 15
25 43 15
60 13 47
10 57 15
9 25 47
25 30 15
52 7 6
4 33 47
55 49 15
48 10 47
34 27 55
42 43 15
29 30 47
24 36 47
28 58 15
51 79
42 45 32
17 47 32
45 40 36
20 47 47
19 35 44
7 48 47
28 39 32
22 7 47
5 13 13
44 4 32
21 33 23
41 9 32
27 6 47
6 34 32
36 8 36
1 42 32
40 35 32
33 3 32
29 4 32
18 30 23
11 18 47
8 25 23
37 40 4
29 39 32
36 43 46
31 32 32
32 35 32
27 30 11
12 26 47
27 45 47
4 43 32
29 4 32
43 15 32
30 44 32
12 26 47
43 35 11
46 16 41
13 17 32
11 29 32
37 27 47
46 51 23
42 44 43
20 39 48
39 8 47
7 15 47
32 8 32
35 41 32
42 45 32
25 26 23
37 14 18
3 20 20
26 20 20
30 51 30
25 50 23
24 38 32
8 45 4
28 35 43
24 23 23
37 19 32
46 48 47
5 46 32
35 13 32
24 17 32
37 47 47
21 35 32
39 15 25
5 26 32
30 34 32
25 13 32
51 3 43
47 36 47
6 41 47
9 42 32
14 34 32
30 5 32
17 36 32
29 14 34
20 30 25
12 7 47
60 120
1 15 17
30 35 14
37 56 14
35 36 45
8 11 14
22 3 14
55 23 14
50 9 53
5 21 22
43 17 14
41 5 14
48 8 14
40 4 45
9 2 14
7 53 14
28 9 14
44 25 14
55 6 14
21 7 39
43 38 39
52 16 14
41 45 45
35 58 45
12 40 45
6 26 14
4 29 14
27 11 14
56 13 14
33 39 14
49 30 14
52 14 14
7 56 30
1 19 14
40 5 14
49 51 17
15 25 14
58 24 45
5 42 14
35 22 14
3 36 14
51 26 14
17 37 14
7 30 30
20 21 14
33 55 14
43 52 14
18 11 14
45 39 14
47 20 14
54 51 14
5 31 14
18 4 14
10 54 14
39 11 39
33 10 45
48 55 48
18 29 17
60 47 14
48 20 14
23 51 14
4 33 45
38 46 14
46 50 14
13 34 14
24 36 47
33 7 14
28 1 14
15 50 14
20 5 14
17 59 14
37 60 14
54 58 14
43 30 39
40 34 14
20 45 14
39 33 14
26 14 14
31 3 14
38 56 38
50 38 14
27 29 27
56 53 14
26 43 39
58 54 14
8 56 14
12 26 14
21 44 14
13 50 14
57 51 14
41 39 14
4 16 14
2 10 45
23 25 14
26 5 39
6 28 14
41 60 14
54 23 14
29 59 14
58 32 14
58 54 14
48 17 14
4 8 45
27 53 14
33 19 14
6 55 14
28 45 14
13 25 14
9 14 14
44 10 45
27 24 14
35 12 45
25 44 14
47 19 14
34 40 14
21 55 57
16 9 14
41 23 41
57 17 14
13 28 14
38 6 14
53 88
8 3 19
52 26 19
9 17 19
10 15 19
2 38 19
45 9 19
23 1 47
3 45 37
27 44 27
3 29 27
41 10 34
51 11 27
25 32 19
42 49 27
44 8 19
37 44 37
32 6 6
52 23 19
15 45 19
40 51 19
45 43 43
27 45 27
18 52 19
1 22 19
40 32 19
49 26 19
22 15 22
50 39 39
29 15 19
20 28 19
29 51 27
42 21 19
9 39 34
17 30 27
20 40 48
18 38 19
39 22 19
28 19 19
26 31 19
7 5 47
29 18 19
34 16 34
41 21 19
2 38 19
5 49 19
34 50 34
10 39 34
22 2 19
52 51 52
9 36 19
38 5 19
51 4 37
39 7 34
21 44 19
21 50 19
38 44 32
36 20 19
9 39 34
46 39 19
26 2 2
51 44 37
31 35 34
41 23 41
53 27 27
3 10 19
47 4 19
9 48 48
19 28 19
2 6 19
2 47 19
48 13 34
14 30 19
31 32 19
14 29 19
51 18 19
38 39 19
2 53 19
6 13 19
48 3 19
7 34 34
26 7 19
18 38 19
11 2 19
43 27 27
49 52 27
39 1 34
15 26 19
39 40 34
37 74
14 29 3
16 26 5
10 5 5
22 6 3
13 35 31
19 20 31
28 5 31
13 11 31
22 9 3
3 24 3
35 14 31
28 26 31
2 33 3
25 28 31
9 27 3
12 9 29
3 15 3
27 12 3
7 16 31
36 25 3
31 3 3
8 1 31
35 22 31
20 24 31
25 5 5
30 3 3
4 34 31
35 10 31
15 31 31
11 6 3
29 11 3
8 27 31
13 23 31
1 12 3
27 4 31
13 18 31
9 11 3
4 5 31
8 36 3
31 17 31
23 7 31
13 27 31
35 21 31
35 19 31
9 12 29
8 4 31
5 30 5
37 23 23
25 13 31
11 16 5
11 10 5
16 1 16
35 28 28
20 31 31
14 9 3
33 20 3
17 37 31
6 35 3
9 21 3
25 26 20
10 11 5
18 7 31
30 37 5
33 34 3
24 14 14
28 37 31
21 15 31
4 18 31
28 36 3
26 12 3
15 26 31
9 4 3
29 36 29
12 3 3
41 100
3 18 24
26 25 40
34 6 14
8 35 24
4 17 40
39 12 39
3 2 3
17 2 40
19 21 24
24 36 24
19 24 24
15 10 40
18 28 24
20 25 40
12 10 40
20 24 24
4 18 24
21 29 24
2 30 36
11 5 17
22 4 24
27 7 24
1 13 40
38 40 40
4 2 2
8 26 24
7 1 40
18 21 24
20 41 24
7 41 24
19 1 40
34 41 24
10 25 40
39 16 24
13 4 24
30 3 36
29 41 24
34 40 40
40 15 40
34 29 36
2 37 24
30 38 36
25 39 40
12 13 24
19 20 28
17 41 40
19 36 36
39 21 24
28 17 40
4 41 24
25 24 40
16 13 16
12 16 24
14 12 24
6 32 36
2 30 36
41 26 24
37 11 40
20 39 24
40 18 40
24 30 24
24 13 24
31 32 36
18 24 24
5 10 10
4 32 36
16 12 24
5 40 40
11 27 40
13 36 24
36 17 40
13 24 24
25 5 40
39 12 39
27 13 16
17 31 40
31 23 24
40 32 40
9 26 24
30 29 36
28 25 40
12 18 24
11 3 40
26 23 24
18 26 18
16 27 16
8 28 36
26 40 40
24 14 24
38 15 24
9 5 40
32 16 24
38 15 24
20 7 36
31 22 24
22 8 24
7 13 24
33 13 24
29 18 24
25 26 40
22 71
18 11 6
15 17 4
20 19 4
18 11 6
5 18 6
4 8 4
19 18 4
8 3 4
12 9 4
8 5 6
11 9 4
17 9 4
6 22 4
13 7 6
22 19 4
17 7 4
3 8 4
17 13 4
17 3 4
8 6 6
15 2 4
9 12 4
17 19 4
1 6 4
14 3 3
1 8 4
13 10 11
3 11 4
10 3 4
21 13 6
12 6 4
9 19 4
18 3 4
21 11 6
11 12 4
21 9 4
6 12 4
14 11 4
5 7 6
17 18 4
21 5 6
3 22 4
16 14 4
17 5 4
18 20 6
17 5 4
17 13 4
15 8 4
11 5 11
11 20 11
9 14 4
13 15 4
5 6 6
17 7 4
5 12 4
9 12 4
10 2 6
14 22 4
4 2 4
2 4 4
21 2 6
2 3 4
1 2 4
8 9 4
2 9 4
15 13 4
3 14 3
8 22 4
15 21 4
21 10 6
17 5 4
6 3
2 4 3
6 5 4
1 2 6
11 99
7 1 10
4 9 9
1 6 6
9 4 9
3 11 7
4 2 10
5 4 10
11 10 10
10 2 10
3 1 10
1 4 10
7 11 7
8 6 10
7 9 7
6 3 10
6 7 10
4 1 10
4 3 7
3 4 7
11 4 4
1 11 10
6 4 10
10 2 10
5 10 10
11 8 7
3 4 7
10 4 10
1 11 10
6 7 10
9 4 9
7 3 7
7 8 7
5 11 10
7 11 7
5 10 10
11 4 4
5 2 5
11 4 4
11 7 7
8 11 7
1 3 10
7 10 10
5 10 10
1 10 10
3 1 10
6 1 6
8 5 10
11 10 10
3 1 10
4 10 10
3 5 10
3 7 7
8 10 10
6 3 10
1 4 10
6 1 6
10 11 10
9 2 10
4 5 10
7 10 10
3 4 7
4 7 7
6 1 6
10 8 10
3 7 7
6 3 10
7 5 10
4 9 9
5 3 10
3 7 7
2 1 1
4 9 9
7 9 7
11 4 4
4 5 10
5 3 10
6 11 10
1 5 5
5 7 10
5 1 5
9 4 9
9 7 7
1 7 10
3 8 7
2 4 10
1 2 1
11 2 10
9 6 10
9 11 9
3 11 7
11 10 10
3 4 7
3 6 10
6 9 10
10 9 10
7 1 10
5 7 10
4 2 10
11 3 7
32 85
22 12 7
6 19 7
11 16 7
25 3 7
5 17 7
8 13 7
17 14 7
28 11 7
13 5 7
9 8 7
29 22 8
3 27 7
24 14 7
27 10 7
22 5 7
14 2 2
31 27 7
24 10 7
20 31 7
8 11 7
26 15 25
32 18 25
31 19 25
15 8 7
8 23 7
5 27 7
20 8 7
31 10 25
26 1 7
28 11 7
19 14 32
27 9 7
23 27 7
18 26 26
20 10 7
6 21 7
18 16 25
28 13 7
22 31 7
7 13 7
21 6 7
21 15 15
11 29 7
7 21 7
11 12 7
32 2 32
31 6 7
29 8 8
2 29 7
24 6 7
10 6 7
26 10 25
11 20 7
30 29 8
2 32 32
19 30 7
1 31 7
16 4 7
32 19 32
7 31 7
25 26 25
13 15 7
10 19 12
10 15 25
6 4 7
18 4 7
6 3 6
31 5 5
4 23 7
5 17 7
9 2 7
25 29 7
21 27 7
28 17 7
30 32 7
26 15 25
8 10 7
22 19 7
23 32 32
15 17 7
20 28 7
26 8 7
22 24 22
11 31 7
19 15 25
31 108
10 12 11
13 24 23
26 12 17
12 28 17
25 4 23
2 12 17
10 24 11
6 26 30
20 3 17
18 9 7
30 6 30
17 8 17
12 2 17
1 25 30
22 18 31
11 14 17
24 25 30
22 19 23
24 16 17
1 13 23
7 24 23
15 6 30
4 16 23
10 31 23
4 18 31
21 30 23
24 29 17
7 17 23
19 7 23
12 18 23
28 2 2
26 27 17
13 5 7
26 6 30
10 2 17
6 14 30
9 26 23
23 22 23
30 17 30
3 16 17
31 20 23
26 31 23
2 16 15
10 8 17
12 18 23
19 23 23
9 4 7
27 20 17
13 9 9
6 29 30
6 12 30
28 4 23
7 2 23
18 9 7
2 19 17
4 15 23
4 24 23
23 27 23
30 1 30
12 9 23
21 25 23
21 27 23
15 18 23
18 20 23
23 10 23
24 1 17
1 16 15
28 18 23
26 20 17
21 17 23
26 18 23
30 21 23
26 9 23
8 21 23
18 10 23
10 13 23
14 8 29
24 26 17
1 2 15
10 21 23
26 6 30
18 12 23
27 29 17
30 20 30
15 26 17
30 3 30
22 21 7
17 13 23
14 16 15
12 4 23
16 12 17
3 7 23
17 28 17
31 19 23
8 12 17
23 31 23
12 24 11
22 6 23
26 18 23
5 7 7
30 9 23
29 28 15
21 28 23
22 14 23
20 14 20
8 10 17
11 14 17
5 3 23
15 91
1 15 15
3 15 3
13 11 4
11 7 11
13 5 13
15 8 4
8 9 4
9 2 9
1 12 13
11 6 4
6 4 4
9 1 9
11 10 11
9 13 13
8 9 4
4 5 4
7 9 4
14 13 4
12 14 4
10 14 4
9 6 4
10 9 4
8 15 4
15 11 4
4 14 4
11 8 8
8 7 8
7 14 4
9 7 4
8 9 4
6 8 4
3 12 3
6 11 4
1 13 13
10 7 11
2 5 13
2 6 4
9 1 9
1 15 15
14 11 4
11 5 4
13 8 4
14 10 4
9 15 9
7 13 4
7 9 4
11 3 4
3 14 4
15 5 13
4 12 4
10 13 4
10 5 4
11 9 4
14 11 4
5 15 13
1 4 4
13 10 4
14 3 4
6 4 4
3 13 3
12 5 5
7 14 4
13 10 4
5 15 13
7 3 4
11 3 4
6 12 4
11 1 4
9 12 13
11 8 8
1 3 3
13 6 4
3 11 4
14 1 4
10 12 4
14 1 4
3 4 4
15 2 9
3 15 3
12 14 4
4 2 4
13 4 4
10 3 4
8 6 4
11 5 4
9 15 9
3 11 4
2 1 9
12 3 3
10 15 4
10 12 4
60 120
55 42 25
45 22 25
46 6 4
1 11 25
30 33 25
35 5 25
25 20 25
25 23 25
43 51 4
37 58 9
34 49 9
19 34 45
27 6 4
35 48 4
47 36 25
17 30 25
1 59 25
23 21 25
49 48 4
60 6 4
58 8 4
51 47 25
17 5 17
8 50 4
32 19 4
56 25 25
17 25 25
3 10 25
34 57 9
17 45 25
60 26 25
13 27 25
31 20 4
26 24 25
42 35 4
46 4 4
8 27 4
21 9 25
12 30 4
60 35 35
2 60 4
32 6 32
52 58 9
38 19 25
34 14 25
29 47 25
7 57 7
5 38 17
54 56 4
12 4 4
29 30 4
29 35 4
53 3 25
47 22 25
41 54 25
52 24 4
11 44 25
16 38 17
43 9 9
37 4 4
56 18 25
46 36 36
43 13 25
30 13 25
4 10 4
27 29 9
46 14 25
53 42 25
33 2 25
58 60 4
33 15 25
9 41 25
42 1 4
49 23 9
47 43 25
9 57 9
17 60 25
8 58 4
23 52 9
7 4 4
48 35 4
51 34 4
42 48 4
25 21 25
31 51 4
13 39 25
13 53 13
27 21 25
54 42 4
38 40 55
59 42 25
44 56 4
53 30 25
41 8 25
28 22 25
5 11 25
16 17 17
11 3 25
50 59 25
25 33 25
38 2 25
4 59 25
1 19 4
32 50 4
54 13 25
9 52 9
3 39 25
26 46 25
28 42 25
18 48 25
7 2 2
41 6 25
32 4 4
22 35 25
28 20 25
7 3 25
47 58 25
21 34 25
8 20 8
51 5 25
54 35
24 14 51
6 10 51
51 44 51
30 9 51
32 9 13
6 36 6
28 2 27
27 31 27
20 52 51
28 34 51
22 25 27
18 47 51
2 42 27
36 43 51
9 27 51
29 30 27
13 50 51
54 6 51
17 50 17
27 34 51
49 11 23
25 17 27
40 20 51
45 33 51
40 45 51
34 32 11
48 9 51
19 5 13
24 52 13
1 7 51
25 37 51
51 21 51
49 20 49
7 42 51
20 21 51
11 76
9 2 10
1 2 8
7 5 8
6 4 4
6 4 4
6 1 6
7 9 10
7 6 8
10 5 10
3 4 4
1 5 4
3 11 6
5 7 8
4 10 10
10 8 10
1 2 8
11 5 4
6 1 6
4 7 8
9 10 10
2 11 8
1 9 10
10 9 10
5 2 8
5 3 4
1 4 4
3 1 6
7 1 8
4 7 8
1 2 8
8 6 8
2 4 8
7 6 8
8 9 10
4 11 4
3 9 10
2 7 7
8 5 8
2 11 8
11 9 10
4 5 4
10 9 10
8 4 8
9 1 10
11 3 6
5 6 4
2 7 7
6 2 8
3 8 8
11 9 10
7 5 8
1 7 8
7 3 8
7 2 7
4 11 4
1 3 6
5 10 10
11 9 10
7 2 7
10 1 10
11 10 10
11 5 4
4 11 4
10 7 10
3 11 6
6 8 8
10 6 10
4 1 4
7 4 8
3 7 8
8 11 8
9 8 10
3 6 6
10 2 10
6 1 6
3 6 6
37 30
1 5 20
29 25 9
12 11 20
20 7 19
25 2 9
16 23 9
35 17 20
20 27 20
37 11 8
27 12 36
27 20 20
17 5 8
23 13 8
30 24 20
33 37 9
12 6 20
19 3 19
15 10 9
34 12 20
31 15 9
7 11 19
7 20 19
34 2 20
14 13 20
18 17 9
28 30 8
35 1 33
18 12 9
16 15 9
36 8 9
54 54
30 21 20
29 24 24
33 12 39
15 33 39
24 19 24
46 5 20
33 2 40
39 8 39
44 9 20
9 50 20
52 37 20
53 30 53
53 26 28
2 38 20
24 1 48
17 23 16
50 5 24
24 48 20
29 45 20
47 8 20
29 39 20
6 10 38
53 39 20
53 16 20
25 39 20
40 50 20
38 53 20
19 41 20
13 6 20
39 28 20
24 13 24
20 5 20
2 5 24
31 19 20
7 23 20
30 32 20
31 17 16
38 29 23
48 25 20
26 8 8
22 36 16
51 37 20
29 35 24
52 40 20
35 37 20
2 29 2
16 22 4
15 35 20
49 19 20
46 42 20
10 29 20
28 18 24
4 33 20
5 25 24
34 58
12 1 23
31 33 14
25 10 23
18 5 23
9 1 14
33 13 27
15 18 23
33 7 23
11 1 14
18 25 20
7 28 23
4 25 23
30 23 23
17 10 14
2 30 23
2 11 14
11 29 19
19 5 14
2 12 23
25 8 20
18 21 23
27 21 23
9 6 23
20 10 23
1 5 1
22 28 14
17 15 14
7 22 23
26 34 23
6 23 23
2 21 23
30 16 20
18 10 23
27 30 23
17 25 23
28 13 14
27 19 4
32 23 23
1 29 14
26 1 23
14 19 14
10 33 2
34 15 14
4 13 14
13 5 5
31 17 14
15 17 14
2 1 1
32 22 14
1 13 1
22 4 3
30 7 20
9 6 23
1 33 1
2 8 23
20 11 23
4 18 23
18 6 20
37 73
31 17 14
18 25 22
4 31 14
4 35 27
15 22 22
32 4 22
34 27 28
27 14 14
8 17 14
29 11 28
30 9 30
3 33 33
26 9 14
7 14 14
29 16 28
30 31 30
8 4 14
19 11 28
18 3 36
4 29 28
9 17 14
4 15 14
12 37 22
37 21 28
21 15 28
22 28 28
18 12 18
23 1 22
20 27 14
4 34 28
23 27 22
21 36 28
2 30 20
25 1 30
27 4 27
27 20 14
21 33 28
29 3 28
9 3 22
35 17 27
6 10 14
19 9 28
11 23 28
5 32 22
19 28 28
23 32 22
1 33 22
37 14 22
34 15 28
9 25 30
5 32 22
10 6 14
14 32 22
37 14 22
3 2 22
5 23 22
33 16 22
14 7 14
28 9 28
34 18 28
30 4 14
16 33 22
22 25 22
10 32 22
22 23 22
20 15 14
1 27 14
11 5 28
7 16 27
22 5 22
20 19 28
7 15 14
21 33 28
16 33
4 3 7
15 13 7
12 16 16
13 10 8
9 11 7
5 10 8
2 3 2
5 2 2
13 11 7
11 5 14
9 13 7
7 16 16
3 11 3
2 3 2
14 15 7
4 11 7
2 4 2
8 11 8
8 4 8
4 6 7
10 4 8
1 2 8
14 11 14
2 7 2
15 8 8
10 9 8
6 16 16
6 4 7
12 11 8
13 6 7
9 14 7
14 5 14
8 7 8
41 97
41 36 2
35 31 6
7 3 3
9 4 2
13 23 6
26 35 6
10 1 6
4 17 6
1 38 6
12 37 36
26 4 26
28 32 2
15 2 2
29 28 6
24 38 2
14 34 6
6 21 6
8 1 6
33 13 2
26 4 26
37 38 2
11 20 3
19 17 29
13 35 6
18 34 6
28 24 2
9 26 2
20 2 2
21 37 2
8 10 2
41 3 2
4 40 2
14 10 2
7 40 2
23 22 6
21 18 21
5 26 2
38 26 2
20 38 3
7 41 2
35 30 6
7 21 2
19 17 29
28 26 2
25 28 6
3 32 2
20 9 3
31 32 2
24 14 2
29 32 6
13 26 2
12 23 6
14 33 2
38 20 3
27 13 2
14 13 2
8 18 2
9 7 3
35 28 6
33 16 2
2 7 2
30 20 2
15 41 2
33 1 6
19 40 6
9 31 2
6 33 6
10 22 2
7 20 3
32 33 2
27 40 2
23 29 29
22 4 2
41 40 2
33 22 2
28 5 2
14 15 2
22 7 2
12 25 6
14 31 2
2 13 2
10 34 6
13 11 2
3 31 2
1 28 6
35 7 6
16 6 6
37 41 2
1 38 6
26 28 2
11 16 2
30 32 2
11 31 2
30 29 6
19 7 6
2 20 2
21 2 2
32 37
25 15 22
21 5 21
18 8 11
9 10 11
12 15 22
11 6 11
3 14 22
4 18 7
10 29 21
26 25 21
2 27 11
30 27 11
12 10 11
24 30 7
1 10 3
21 11 11
10 6 11
19 16 19
15 17 22
21 30 11
4 19 11
20 29 22
17 2 11
10 21 21
8 6 11
27 6 11
2 5 11
23 8 11
5 30 11
11 14 22
16 31 21
9 23 23
19 11 11
4 1 11
7 15 22
20 8 22
22 7 22
39 73
39 12 35
35 21 35
17 11 35
28 18 30
28 4 35
10 23 35
15 2 2
9 20 10
2 8 3
5 13 35
35 12 35
7 22 2
32 7 2
21 9 35
2 1 35
26 21 2
1 33 35
30 27 35
1 35 35
12 26 35
7 33 2
24 11 35
33 5 35
30 28 30
6 23 35
22 21 2
12 36 35
32 5 35
32 18 2
12 28 35
31 17 2
10 21 35
24 15 3
7 37 35
7 9 35
8 1 35
29 16 10
21 37 35
16 4 35
7 27 35
11 28 35
32 19 35
3 14 3
10 4 35
8 26 3
8 17 3
22 31 31
6 32 35
33 30 30
38 35 35
30 1 35
12 5 12
28 23 30
13 19 13
15 12 35
33 5 35
11 8 35
14 6 35
34 36 2
38 22 2
26 14 2
21 6 35
11 26 35
29 14 35
28 30 30
12 29 12
26 7 26
14 26 2
39 19 35
26 1 35
8 7 3
27 19 35
22 13 35
27 14
4 19 27
5 10 22
23 27 27
23 1 27
3 1 22
22 23 22
10 25 27
15 27 22
18 2 27
11 15 22
10 15 22
20 14 22
5 27 22
13 15 15
60 120
52 41 58
51 10 59
40 34 59
5 18 59
39 2 59
45 33 13
43 2 59
7 21 59
60 36 17
55 22 59
15 47 59
13 41 59
28 23 59
12 17 59
46 47 59
28 59 59
49 6 59
35 31 39
11 57 59
54 6 59
19 4 59
5 31 59
26 30 59
10 60 17
50 35 59
14 33 59
42 33 59
40 17 59
11 14 58
31 29 39
33 6 59
4 30 59
18 15 33
31 55 59
53 46 30
38 6 59
36 57 59
29 18 59
39 12 39
31 23 59
17 25 59
43 26 59
5 17 59
29 10 59
27 32 59
21 60 59
18 17 17
21 55 45
26 22 59
28 5 59
43 59 59
58 55 59
48 43 39
54 43 59
50 7 58
60 39 10
51 34 13
36 3 59
54 52 58
27 40 58
13 48 13
55 13 59
11 27 11
32 31 13
26 59 59
12 42 59
13 49 59
4 32 59
29 58 59
50 25 58
36 32 59
8 55 59
33 17 59
5 34 59
35 20 59
44 13 59
8 43 54
58 54 58
27 16 59
41 11 11
14 23 5
57 27 59
55 49 59
17 47 17
8 24 59
16 41 59
11 24 59
18 38 59
10 2 59
20 1 1
6 46 59
59 36 59
39 6 59
56 31 59
21 23 59
12 38 4
60 15 59
45 59 59
8 27 58
43 38 59
42 48 59
17 55 17
36 12 59
26 16 4
42 19 59
35 46 59
53 37 59
17 52 59
22 7 58
27 45 59
23 34 59
43 30 59
54 10 59
2 14 58
27 24 59
50 23 58
41 7 58
24 27 59
2 10 59
31 43 39
56 79
51 19 10
30 23 18
26 40 3
11 34 3
37 15 3
44 9 18
2 5 3
25 3 3
34 38 3
5 37 3
53 41 18
39 18 18
56 14 18
30 47 18
7 24 10
38 12 38
12 3 3
10 1 3
21 12 3
35 3 3
49 46 3
39 6 37
27 9 18
18 41 18
37 35 18
24 23 18
22 1 3
8 34 37
4 51 3
2 56 17
42 45 18
33 16 3
35 50 10
10 11 3
52 17 3
3 13 3
13 50 18
20 10 10
48 55 18
48 3 3
32 29 13
25 3 3
26 55 3
46 38 46
54 47 18
41 14 18
28 20 17
24 22 47
36 28 15
31 36 3
18 55 18
4 41 3
23 53 18
15 23 3
25 3 3
5 50 3
50 42 18
29 13 25
46 1 23
24 20 17
53 7 15
51 35 10
46 25 3
28 15 3
23 15 3
16 53 18
12 46 46
6 29 37
53 39 18
50 32 18
40 23 3
48 44 44
47 50 18
39 48 37
15 1 3
16 43 3
21 13 18
37 17 18
9 49 49
15 89
15 7 8
7 5 5
4 10 8
5 7 5
6 7 8
11 2 8
10 7 8
10 14 8
1 6 13
6 12 13
11 1 1
10 5 5
12 9 12
6 7 8
1 6 13
8 14 8
4 2 8
15 9 8
9 14 9
1 2 8
2 11 8
9 14 9
1 12 13
11 12 13
5 11 5
12 7 8
10 6 8
12 15 8
15 14 8
1 5 5
12 11 13
4 11 8
13 4 8
9 10 8
13 3 13
3 2 8
14 7 8
15 11 8
8 12 8
5 12 5
8 11 8
6 10 8
14 12 12
15 10 8
8 10 8
2 4 8
8 4 8
8 15 8
10 11 8
11 9 13
11 8 8
12 4 8
11 15 8
6 12 13
12 13 13
3 5 5
8 12 8
15 5 5
7 11 8
2 13 8
10 7 8
7 11 8
1 15 8
4 7 7
7 11 8
2 5 5
9 3 13
6 9 13
14 10 8
11 14 13
1 14 13
13 8 8
4 13 8
9 4 8
6 4 8
5 14 5
7 12 8
15 8 8
9 8 8
10 8 8
11 12 13
6 13 13
1 8 8
10 4 8
13 9 13
10 8 8
10 9 8
9 4 8
6 12 13
